Image: C:\Users\PC\OzcanFatihCan\model_s\Dataset\images\6fd37c54dd44378d.jpg
266.41192626953125 109.5553207397461 774.9144287109375 564.9796142578125 0.4698326587677002 50 broccoli
280.4302673339844 292.94873046875 422.22735595703125 465.392333984375 0.2733572721481323 50 broccoli


Image: C:\Users\PC\OzcanFatihCan\model_s\Dataset\images\2931cf9878e3a7b9.jpg
148.3087921142578 99.08012390136719 550.0484619140625 443.22430419921875 0.8893309831619263 50 broccoli
0.0 198.99691772460938 100.02334594726562 703.5985717773438 0.7663892507553101 42 fork
910.2888793945312 0.0070739747025072575 1022.8345947265625 105.33781433105469 0.5997387170791626 40 "wine glass"
923.6150512695312 109.463134765625 1024.0 595.7998657226562 0.5297605395317078 43 knife
1.1711914539337158 0.0 1020.3327026367188 768.0 0.49580973386764526 60 "dining table"
858.8284301757812 120.59696960449219 991.9891357421875 617.2584228515625 0.36424383521080017 43 knife


Image: C:\Users\PC\OzcanFatihCan\model_s\Dataset\images\42aa3c60ed87a503.jpg
108.15351867675781 94.4738998413086 983.61376953125 667.6998901367188 0.3696404695510864 50 broccoli


Image: C:\Users\PC\OzcanFatihCan\model_s\Dataset\images\be44271dea8da0fd.jpg
30.654582977294922 222.2708282470703 138.2902374267578 320.51287841796875 0.7795643210411072 50 broccoli
343.22052001953125 198.09439086914062 455.4017028808594 278.12335205078125 0.7236366868019104 50 broccoli
281.1499328613281 46.77089309692383 404.4565124511719 166.99459838867188 0.7121313214302063 50 broccoli
276.8170471191406 174.93460083007812 385.80657958984375 280.6507568359375 0.616493821144104 51 carrot
113.28999328613281 48.070556640625 202.8002166748047 132.92752075195312 0.615803062915802 50 broccoli
40.970985412597656 133.1146697998047 189.53921508789062 183.3580780029297 0.6005245447158813 51 carrot
494.0394592285156 8.584765434265137 1024.0 484.6029357910156 0.5961979031562805 45 bowl
670.4502563476562 425.126220703125 782.1581420898438 571.552490234375 0.547417163848877 44 spoon
169.7983856201172 228.00961303710938 225.630126953125 359.829345703125 0.506561279296875 51 carrot
91.88957214355469 175.35714721679688 208.65283203125 244.4063720703125 0.47604113817214966 51 carrot
284.90765380859375 269.0860595703125 407.66217041015625 313.8807373046875 0.4714023172855377 51 carrot
130.80337524414062 240.95394897460938 173.28997802734375 355.35186767578125 0.4607587456703186 51 carrot
262.58148193359375 290.58770751953125 359.2255859375 351.66436767578125 0.4072212874889374 50 broccoli
79.52165222167969 175.32437133789062 209.92074584960938 244.8909149169922 0.4038757383823395 50 broccoli
384.1465759277344 96.99007415771484 425.85003662109375 148.77374267578125 0.4029979109764099 51 carrot
3.29052734375 12.335009574890137 551.461669921875 555.1790771484375 0.3581849932670593 45 bowl
0.0 0.0 40.36754608154297 121.68928527832031 0.33559247851371765 45 bowl
185.30264282226562 40.77643966674805 280.61572265625 119.68455505371094 0.29074329137802124 50 broccoli
266.49932861328125 271.9905700683594 401.47235107421875 333.44671630859375 0.27989116311073303 50 broccoli
492.04058837890625 4.601513862609863 1023.7783203125 452.056396484375 0.2571687698364258 53 pizza


Image: C:\Users\PC\OzcanFatihCan\model_s\Dataset\images\0b606c65c75b7169.jpg
120.77616882324219 59.39936447143555 569.1185302734375 449.09136962890625 0.8419367671012878 50 broccoli
578.1775512695312 68.6988525390625 968.2688598632812 482.4063415527344 0.6290034055709839 50 broccoli
602.5150146484375 354.5475158691406 1007.5474853515625 896.6302490234375 0.4566323161125183 50 broccoli
454.75128173828125 809.5069580078125 769.0206298828125 1024.0 0.3738158345222473 50 broccoli
727.088623046875 637.0524291992188 1016.0341796875 1022.6280517578125 0.27806463837623596 51 carrot
959.7213134765625 225.2141571044922 1023.9382934570312 486.9609375 0.2663823366165161 51 carrot


Image: C:\Users\PC\OzcanFatihCan\model_s\Dataset\images\8ec140de3ae97b17.jpg
812.0987548828125 446.413330078125 1022.3341674804688 768.0 0.8396930694580078 45 bowl
295.50128173828125 536.3480224609375 523.2975463867188 750.072265625 0.7910637855529785 51 carrot
73.51826477050781 393.1778869628906 444.41412353515625 674.7015991210938 0.7383851408958435 50 broccoli
28.51556968688965 214.7140655517578 223.21768188476562 434.515625 0.6666995286941528 51 carrot
0.0 467.283935546875 38.04527282714844 622.7866821289062 0.5837777853012085 51 carrot
2.526080369949341 502.26007080078125 137.6607666015625 676.3328247070312 0.42711201310157776 51 carrot


Image: C:\Users\PC\OzcanFatihCan\model_s\Dataset\images\6d4e8499c089f022.jpg
30.180566787719727 7.170825004577637 999.8556518554688 763.1060791015625 0.295526385307312 50 broccoli


Image: C:\Users\PC\OzcanFatihCan\model_s\Dataset\images\8d1c1684291b6960.jpg
589.9993896484375 136.66067504882812 989.2784423828125 530.3740844726562 0.5730538964271545 50 broccoli
0.0 3.999194383621216 135.83895874023438 199.9292449951172 0.408846378326416 50 broccoli
0.3101806640625 518.6589965820312 79.3467025756836 712.1325073242188 0.4050798714160919 50 broccoli
222.616455078125 339.15509033203125 570.5977783203125 769.2442626953125 0.26796022057533264 50 broccoli


Image: C:\Users\PC\OzcanFatihCan\model_s\Dataset\images\2d2e237f1a6a6b85.jpg
426.56280517578125 1.024694800376892 994.9529418945312 267.3150329589844 0.33151817321777344 50 broccoli


Image: C:\Users\PC\OzcanFatihCan\model_s\Dataset\images\48adf8bb20da3b20.jpg
924.64599609375 560.588623046875 1024.0 729.8886108398438 0.5925942659378052 50 broccoli
782.1751098632812 108.82735443115234 1023.0895385742188 279.4960021972656 0.5631296038627625 50 broccoli
831.6859130859375 241.29208374023438 1024.0 534.0846557617188 0.5516462922096252 50 broccoli
650.6727294921875 213.8367462158203 850.1301879882812 301.13104248046875 0.5447465181350708 51 carrot
656.4940795898438 287.03070068359375 834.41455078125 415.63140869140625 0.4990293085575104 51 carrot
673.0523681640625 218.8468475341797 990.1331787109375 470.72637939453125 0.2512619197368622 50 broccoli


Image: C:\Users\PC\OzcanFatihCan\model_s\Dataset\images\8ca55cdbc4467566.jpg
222.1837921142578 583.9678955078125 374.0484313964844 698.9159545898438 0.8629444241523743 50 broccoli
177.94046020507812 0.0 485.45379638671875 115.4726333618164 0.8228533267974854 45 bowl
518.7374267578125 0.0 620.3057250976562 97.82347106933594 0.7667151689529419 41 cup
7.22265625 144.807373046875 685.0 999.4027099609375 0.7324193120002747 0 person
0.0 0.37523192167282104 142.41537475585938 138.16404724121094 0.663785457611084 41 cup


Image: C:\Users\PC\OzcanFatihCan\model_s\Dataset\images\0242f2d0aee4847e.jpg
732.8475341796875 370.6617736816406 838.521484375 520.2338256835938 0.5586708188056946 50 broccoli
323.97113037109375 61.831687927246094 473.0152893066406 152.64700317382812 0.3359314799308777 50 broccoli
738.9068603515625 229.04122924804688 803.5450439453125 287.5482177734375 0.33386918902397156 51 carrot
253.45394897460938 115.51237487792969 389.80499267578125 272.7916259765625 0.3061276972293854 50 broccoli
428.60174560546875 307.05517578125 633.9598388671875 480.9664001464844 0.2556840479373932 50 broccoli


Image: C:\Users\PC\OzcanFatihCan\model_s\Dataset\images\0f11729eec501b9c.jpg
17.905689239501953 303.0655822753906 533.6468505859375 712.1083374023438 0.6025314331054688 50 broccoli
741.5591430664062 31.466358184814453 930.9091796875 257.271484375 0.5228227376937866 50 broccoli
391.5552673339844 294.5032958984375 826.6062622070312 744.9798583984375 0.47615936398506165 50 broccoli
826.6267700195312 351.4489440917969 987.5177612304688 645.0369262695312 0.3708380460739136 50 broccoli
913.29833984375 116.93800354003906 1024.0 447.8006286621094 0.3555104732513428 50 broccoli


Image: C:\Users\PC\OzcanFatihCan\model_s\Dataset\images\ca7bd4d9db579576.jpg
791.7406005859375 427.5757751464844 913.005859375 531.5830078125 0.7046131491661072 51 carrot
871.6307373046875 460.595458984375 986.2166748046875 615.1973266601562 0.6724249124526978 51 carrot
5.52740478515625 200.1128387451172 286.7918395996094 631.195068359375 0.6665869951248169 50 broccoli
900.9441528320312 10.640734672546387 1024.0 349.15728759765625 0.5855240821838379 42 fork
309.2346496582031 347.01953125 347.9013977050781 397.2137145996094 0.528066873550415 51 carrot
1.245581030845642 0.32069700956344604 207.26614379882812 96.20740509033203 0.3075560927391052 41 cup
0.009594726376235485 0.0 207.26467895507812 100.81826782226562 0.2748315930366516 40 "wine glass"


Image: C:\Users\PC\OzcanFatihCan\model_s\Dataset\images\2ddb5fed1a6a1419.jpg
799.0850219726562 231.1529541015625 991.4133911132812 387.25286865234375 0.7530798316001892 49 orange
0.0 106.8088607788086 172.0231170654297 659.86181640625 0.7524412870407104 44 spoon
377.9478454589844 0.0 497.1416015625 89.154541015625 0.6649094820022583 50 broccoli
248.49649047851562 1.60418701171875 398.7890625 118.03657531738281 0.6080289483070374 50 broccoli
760.6907958984375 152.9096221923828 890.1902465820312 258.7806091308594 0.6069937348365784 50 broccoli
133.8282012939453 0.711871325969696 229.20291137695312 95.1453857421875 0.5795006155967712 50 broccoli
234.6807861328125 219.43936157226562 405.0425109863281 352.4303283691406 0.5439795851707458 50 broccoli
828.5076904296875 74.73458099365234 940.8643798828125 205.2663116455078 0.533057689666748 50 broccoli
77.267333984375 21.566089630126953 374.2076721191406 681.0 0.5284732580184937 44 spoon
303.859375 448.573486328125 466.84930419921875 595.4268798828125 0.5169733762741089 50 broccoli
177.36695861816406 81.44297790527344 289.439453125 236.6324920654297 0.4812949597835541 50 broccoli
608.8233642578125 146.6226043701172 743.9378662109375 296.0542907714844 0.4678216576576233 50 broccoli
307.7845153808594 363.1178283691406 434.31494140625 502.94927978515625 0.44213610887527466 50 broccoli
564.4322509765625 393.8985290527344 732.5507202148438 563.2247314453125 0.4058198034763336 50 broccoli
843.1505126953125 378.1334228515625 990.61474609375 490.49383544921875 0.39556658267974854 50 broccoli
773.5452880859375 331.68829345703125 850.55810546875 448.5921936035156 0.393510639667511 50 broccoli
278.1253662109375 157.97207641601562 350.47015380859375 220.673095703125 0.3713691234588623 51 carrot
982.6806640625 288.8769836425781 1024.0 407.3959045410156 0.3494609594345093 50 broccoli
505.17022705078125 76.55766296386719 645.5357666015625 180.95828247070312 0.33441275358200073 50 broccoli
779.9181518554688 100.15888977050781 937.6359252929688 246.71359252929688 0.3245357573032379 50 broccoli
461.75946044921875 247.4825897216797 602.3212890625 406.85662841796875 0.3029535412788391 50 broccoli
512.2349243164062 86.73368835449219 667.3328857421875 341.09136962890625 0.2989133596420288 50 broccoli
91.11998748779297 0.0 233.7588348388672 345.22576904296875 0.29485371708869934 44 spoon
148.6088409423828 0.0 1007.345703125 673.3265380859375 0.28995490074157715 45 bowl
550.048828125 358.3209533691406 709.9005126953125 471.6734924316406 0.2875133454799652 50 broccoli
396.3887634277344 228.9623260498047 501.17138671875 392.1825256347656 0.283068984746933 50 broccoli
911.0821533203125 375.67578125 1002.5352783203125 479.13934326171875 0.27608081698417664 50 broccoli
618.1804809570312 396.65667724609375 862.8631591796875 548.0043334960938 0.2724173665046692 50 broccoli
439.74310302734375 461.4334411621094 581.8646850585938 592.285888671875 0.2641156017780304 50 broccoli


Image: C:\Users\PC\OzcanFatihCan\model_s\Dataset\images\0e3fec4d7f7db338.jpg
163.8584747314453 332.3327941894531 394.4512939453125 558.6707153320312 0.8647884726524353 50 broccoli
407.58551025390625 485.974365234375 526.2120971679688 601.1338500976562 0.7349079847335815 51 carrot
516.5880126953125 476.04254150390625 624.0799560546875 589.1840209960938 0.4283100366592407 51 carrot
579.1048583984375 203.0723419189453 852.4136962890625 475.3138732910156 0.38165390491485596 44 spoon
0.0 79.3377914428711 980.8388671875 768.0 0.34969693422317505 60 "dining table"
563.6966552734375 201.226318359375 850.7438354492188 494.04449462890625 0.2874808609485626 43 knife


Image: C:\Users\PC\OzcanFatihCan\model_s\Dataset\images\e6c346ecb89a5113.jpg
362.4974365234375 50.94477462768555 627.638671875 442.2926330566406 0.6397329568862915 50 broccoli
61.55937576293945 0.0 291.8794860839844 32.790306091308594 0.48023244738578796 51 carrot
56.119102478027344 26.242456436157227 279.916748046875 85.66798400878906 0.4262148141860962 51 carrot
199.6164093017578 510.66363525390625 348.64605712890625 671.9532470703125 0.3401258885860443 50 broccoli
100.22408294677734 479.1796875 236.9519500732422 690.4464721679688 0.3264927268028259 50 broccoli
72.96351623535156 9.091974258422852 302.4698791503906 54.92938995361328 0.31802451610565186 51 carrot


Image: C:\Users\PC\OzcanFatihCan\model_s\Dataset\images\b53d9f1bb208f826.jpg
48.194923400878906 18.086353302001953 353.55059814453125 368.7102966308594 0.6445233821868896 50 broccoli
102.6830825805664 255.65185546875 513.1336059570312 650.955078125 0.5894936323165894 50 broccoli


Image: C:\Users\PC\OzcanFatihCan\model_s\Dataset\images\19b9365dd16517c8.jpg
819.7804565429688 430.77178955078125 1023.9900512695312 580.5480346679688 0.3691492974758148 43 knife
555.5035400390625 545.591796875 861.4055786132812 868.0520629882812 0.33021774888038635 53 pizza
0.0 66.8279800415039 993.2785034179688 983.6974487304688 0.29512521624565125 45 bowl


Image: C:\Users\PC\OzcanFatihCan\model_s\Dataset\images\78131ec46bc33338.jpg
393.8745422363281 0.015606689266860485 523.0164794921875 68.64379119873047 0.832442581653595 40 "wine glass"
221.10659790039062 0.0042175292037427425 352.497314453125 102.9256591796875 0.7525848150253296 40 "wine glass"
193.6249237060547 280.02825927734375 642.5515747070312 644.2598266601562 0.603645920753479 50 broccoli
680.130859375 0.4353485107421875 829.6048583984375 81.10762786865234 0.5987614989280701 41 cup
112.01904296875 71.06376647949219 190.3273468017578 144.8241729736328 0.5967932343482971 42 fork
519.2610473632812 1.1292327642440796 665.2122802734375 85.02537536621094 0.531960129737854 41 cup
980.0133666992188 138.2615966796875 1023.96923828125 193.88046264648438 0.4334098994731903 40 "wine glass"
99.00435638427734 313.90338134765625 278.111572265625 451.31024169921875 0.3598842918872833 51 carrot
972.82861328125 8.874151229858398 1024.0 203.9886932373047 0.2909451723098755 40 "wine glass"
172.1153106689453 413.0245056152344 242.85665893554688 543.7822265625 0.26578566431999207 51 carrot
