Broccoli 7.04 214.29927999999998 138.24 340.3196
Broccoli 179.84 220.69603999999998 314.88 330.72411999999997
Broccoli 204.8 154.80743999999999 314.88 235.4092
Broccoli 264.96 255.87992 394.88 354.39356000000004
Broccoli 387.2 35.82308 549.76 173.35852000000003
Broccoli 403.2 345.43728 505.6 466.98048
Broccoli 419.84 237.32816 544.64 358.23148000000003
Broccoli 600.96 48.61728 732.16 135.61648
Broccoli 740.48 92.11688000000001 881.92 223.25487999999999
Broccoli 816.0 219.41696000000002 1019.52 384.45908000000003
