Image: C:\Users\PC\OzcanFatihCan\model_m\Dataset\images\6fd37c54dd44378d.jpg
283.44073486328125 109.42073059082031 771.7874145507812 567.1336059570312 0.7374650835990906 50 broccoli


Image: C:\Users\PC\OzcanFatihCan\model_m\Dataset\images\2931cf9878e3a7b9.jpg
153.16635131835938 96.4498291015625 543.0216064453125 442.4922790527344 0.8894146084785461 50 broccoli
0.0 194.5684356689453 102.29596710205078 700.3336791992188 0.8772507309913635 42 fork
910.8121948242188 0.26729124784469604 1023.5387573242188 103.32275390625 0.6357373595237732 40 "wine glass"
920.3917846679688 106.1430435180664 1024.0 496.23486328125 0.47240039706230164 43 knife
3.6283202171325684 0.0 1018.1236572265625 762.9420776367188 0.445939838886261 60 "dining table"
858.32470703125 118.82157897949219 1007.45068359375 620.1993408203125 0.4354947507381439 43 knife
854.1031494140625 121.0497055053711 998.5343627929688 620.307373046875 0.40597444772720337 42 fork
1000.8361206054688 202.9787139892578 1023.7864990234375 319.84735107421875 0.3877464830875397 44 spoon


Image: C:\Users\PC\OzcanFatihCan\model_m\Dataset\images\42aa3c60ed87a503.jpg
135.6576690673828 85.7774887084961 981.5949096679688 671.7694702148438 0.6409296989440918 50 broccoli
446.338623046875 64.20574188232422 748.9774169921875 210.74588012695312 0.45805203914642334 50 broccoli


Image: C:\Users\PC\OzcanFatihCan\model_m\Dataset\images\be44271dea8da0fd.jpg
31.235204696655273 221.06369018554688 142.9175567626953 319.17572021484375 0.8295338153839111 50 broccoli
344.421875 199.6196746826172 455.4703674316406 275.0987854003906 0.8104809522628784 50 broccoli
494.5696716308594 2.679370164871216 1021.7286987304688 463.1200256347656 0.715409517288208 45 bowl
285.9734802246094 49.25140380859375 399.77423095703125 169.73428344726562 0.7123895883560181 50 broccoli
286.9005432128906 273.5953063964844 415.8833923339844 312.3558044433594 0.6818413734436035 51 carrot
42.91923904418945 135.41439819335938 183.82986450195312 181.9195556640625 0.6803898215293884 51 carrot
168.21800231933594 64.44697570800781 301.72509765625 136.00631713867188 0.6456003785133362 51 carrot
115.7769775390625 47.85418701171875 204.0718231201172 130.73231506347656 0.6348971724510193 50 broccoli
130.0829315185547 246.47689819335938 171.01589965820312 354.83319091796875 0.6194601655006409 51 carrot
72.12890625 177.39320373535156 162.6051025390625 238.14111328125 0.6143596768379211 50 broccoli
276.40875244140625 175.19784545898438 381.16839599609375 283.8348693847656 0.5915254950523376 51 carrot
671.9405517578125 422.53009033203125 782.0598754882812 572.1468505859375 0.589094877243042 44 spoon
118.96678161621094 182.78213500976562 209.9301300048828 239.7982940673828 0.5468396544456482 51 carrot
384.7833557128906 103.31195068359375 422.6661682128906 153.87313842773438 0.544593334197998 51 carrot
2.538403272628784 4.551123142242432 491.66748046875 551.72802734375 0.5047006011009216 45 bowl
0.04865112155675888 0.0 40.584449768066406 120.06329345703125 0.47049203515052795 45 bowl
169.42648315429688 217.9634246826172 224.47488403320312 355.049560546875 0.42366501688957214 51 carrot
495.5907287597656 2.6841063499450684 1022.3096923828125 454.43438720703125 0.41163623332977295 53 pizza
190.94422912597656 40.0129508972168 277.44549560546875 100.46195220947266 0.39841893315315247 50 broccoli
175.1466064453125 56.980247497558594 290.7236022949219 134.0272674560547 0.39221853017807007 50 broccoli
0.0 486.55206298828125 33.29102325439453 571.5446166992188 0.2961242198944092 51 carrot


Image: C:\Users\PC\OzcanFatihCan\model_m\Dataset\images\0b606c65c75b7169.jpg
114.15959167480469 62.47465896606445 570.4918823242188 454.5118713378906 0.8890683650970459 50 broccoli
569.501220703125 75.93574523925781 936.0335693359375 495.57537841796875 0.7456140518188477 50 broccoli
605.9913940429688 359.1429748535156 1014.20947265625 857.1361083984375 0.5693714022636414 50 broccoli
454.81817626953125 796.2928466796875 771.3142700195312 1024.0 0.3715605139732361 50 broccoli


Image: C:\Users\PC\OzcanFatihCan\model_m\Dataset\images\8ec140de3ae97b17.jpg
814.56494140625 447.924072265625 1023.3438720703125 768.0 0.8449149131774902 45 bowl
298.682861328125 533.90625 523.4473266601562 748.76611328125 0.8278263211250305 51 carrot
3.825756788253784 393.31048583984375 441.21630859375 765.5137939453125 0.8104514479637146 50 broccoli
26.006114959716797 214.17752075195312 220.80557250976562 438.0423889160156 0.7873173952102661 51 carrot
0.3127899169921875 468.08026123046875 37.819034576416016 628.7855224609375 0.5723452568054199 51 carrot
6.535040378570557 505.8789978027344 138.44149780273438 678.0673828125 0.5625701546669006 51 carrot
162.2952880859375 309.26776123046875 249.2660369873047 394.56903076171875 0.5617235898971558 51 carrot
2.715808153152466 302.29876708984375 308.478271484375 547.514404296875 0.35437536239624023 50 broccoli


Image: C:\Users\PC\OzcanFatihCan\model_m\Dataset\images\6d4e8499c089f022.jpg
0.0 0.0 1024.0 765.0 0.3884088397026062 50 broccoli
596.390625 98.69799041748047 880.6917114257812 300.376953125 0.3817886710166931 50 broccoli
536.0637817382812 347.60516357421875 1018.7149658203125 761.89306640625 0.3551120460033417 50 broccoli
50.478492736816406 0.0 441.75701904296875 277.3438415527344 0.2683432102203369 50 broccoli
92.53324890136719 251.5392608642578 499.8404235839844 596.6436767578125 0.25106754899024963 50 broccoli


Image: C:\Users\PC\OzcanFatihCan\model_m\Dataset\images\8d1c1684291b6960.jpg
0.760815441608429 2.625683546066284 139.98976135253906 331.0255432128906 0.4697856307029724 50 broccoli
223.6978759765625 341.0471496582031 581.1494140625 793.6954956054688 0.36650800704956055 50 broccoli
572.2463989257812 139.4491729736328 992.6403198242188 547.6652221679688 0.36037880182266235 50 broccoli
915.0047607421875 4.960833549499512 1024.0 186.3065643310547 0.34502458572387695 50 broccoli
0.536755383014679 515.2362670898438 79.58048248291016 714.218505859375 0.28504306077957153 50 broccoli
0.960498034954071 30.708837509155273 1023.1627197265625 877.8072509765625 0.26755017042160034 50 broccoli


Image: C:\Users\PC\OzcanFatihCan\model_m\Dataset\images\2d2e237f1a6a6b85.jpg


Image: C:\Users\PC\OzcanFatihCan\model_m\Dataset\images\48adf8bb20da3b20.jpg
654.7066040039062 287.1600036621094 836.0556640625 422.33819580078125 0.7047991156578064 51 carrot
648.4746704101562 216.24850463867188 853.0592041015625 318.2908935546875 0.6628093719482422 51 carrot
924.5057373046875 553.4338989257812 1023.5953979492188 730.2283325195312 0.6201831698417664 50 broccoli
793.0650634765625 109.12983703613281 1024.0 279.2410888671875 0.41114142537117004 50 broccoli
832.8953857421875 364.85931396484375 1024.0 534.3804321289062 0.2845180928707123 50 broccoli
649.8712158203125 269.02685546875 701.4364013671875 326.27752685546875 0.2506035566329956 51 carrot


Image: C:\Users\PC\OzcanFatihCan\model_m\Dataset\images\8ca55cdbc4467566.jpg
0.0 152.34896850585938 685.0 1016.0626831054688 0.9144615530967712 0 person
220.3341522216797 582.9917602539062 378.40081787109375 700.6097412109375 0.8915536999702454 50 broccoli
184.10150146484375 0.0 482.314453125 118.44612121582031 0.8888920545578003 45 bowl
517.9151611328125 0.15935668349266052 618.4342041015625 98.88323974609375 0.8208715319633484 41 cup
3.221588134765625 0.16033324599266052 139.5935516357422 137.55422973632812 0.5544118881225586 41 cup


Image: C:\Users\PC\OzcanFatihCan\model_m\Dataset\images\0242f2d0aee4847e.jpg
731.4329223632812 371.89166259765625 838.8580932617188 520.5142822265625 0.6408469080924988 50 broccoli
739.4503784179688 228.5122833251953 803.2353515625 291.49273681640625 0.4212561547756195 51 carrot
254.48251342773438 71.19078063964844 758.9381713867188 479.8517150878906 0.4050619602203369 50 broccoli
632.3805541992188 63.726402282714844 786.2255859375 189.96766662597656 0.32836008071899414 51 carrot
252.993896484375 120.8133544921875 385.1976013183594 271.37274169921875 0.3119935095310211 50 broccoli
621.8811645507812 92.06551361083984 775.82861328125 258.62908935546875 0.2897043824195862 50 broccoli


Image: C:\Users\PC\OzcanFatihCan\model_m\Dataset\images\0f11729eec501b9c.jpg
17.115283966064453 309.3840026855469 517.2032470703125 697.9259643554688 0.7157140970230103 50 broccoli
740.3133544921875 33.120140075683594 925.2434692382812 247.12881469726562 0.4515657126903534 50 broccoli
394.4819030761719 302.599853515625 834.4212036132812 752.4046630859375 0.44454339146614075 50 broccoli
915.8819580078125 290.1045227050781 1023.7536010742188 451.50714111328125 0.3378607928752899 50 broccoli
922.5467529296875 114.84471130371094 1023.9674682617188 256.50146484375 0.25343671441078186 50 broccoli


Image: C:\Users\PC\OzcanFatihCan\model_m\Dataset\images\ca7bd4d9db579576.jpg
636.911865234375 0.0 915.0929565429688 131.6116943359375 0.8033350110054016 41 cup
877.6229248046875 458.4905700683594 989.0549926757812 615.6353149414062 0.7306421399116516 51 carrot
902.7525634765625 7.005566596984863 1023.193359375 510.48516845703125 0.7302444577217102 42 fork
3.2793211936950684 193.5793914794922 289.0853271484375 623.1929931640625 0.6995276808738708 50 broccoli
790.3157348632812 421.3856506347656 913.13232421875 530.7196044921875 0.675873875617981 51 carrot
312.54571533203125 347.05096435546875 349.16094970703125 396.38580322265625 0.5543702244758606 51 carrot
0.158935546875 0.0 207.7377471923828 102.60514831542969 0.5059158205986023 41 cup
841.3304443359375 253.6736297607422 860.7294921875 284.8111877441406 0.4257640540599823 51 carrot


Image: C:\Users\PC\OzcanFatihCan\model_m\Dataset\images\2ddb5fed1a6a1419.jpg
0.0 122.64250183105469 170.05758666992188 659.2669677734375 0.831845223903656 44 spoon
800.2178955078125 229.06283569335938 993.35888671875 386.6766662597656 0.8252690434455872 49 orange
560.06005859375 359.4809875488281 832.5510864257812 558.9114990234375 0.7050073742866516 50 broccoli
176.25668334960938 82.5075454711914 289.85455322265625 233.68075561523438 0.6828952431678772 50 broccoli
248.4288787841797 1.3343384265899658 382.33514404296875 121.88299560546875 0.6268564462661743 50 broccoli
240.6488494873047 218.38229370117188 400.1164855957031 350.92193603515625 0.6185214519500732 50 broccoli
764.0612182617188 152.09547424316406 886.7614135742188 257.46435546875 0.5829353332519531 50 broccoli
308.50933837890625 364.901611328125 423.7860412597656 499.64410400390625 0.5552870035171509 50 broccoli
304.7466735839844 443.7271423339844 469.3682556152344 593.8884887695312 0.5386360287666321 50 broccoli
70.0805892944336 0.521557629108429 327.3728332519531 673.8307495117188 0.5266252160072327 44 spoon
373.91070556640625 0.0 498.6114807128906 89.6813735961914 0.4984593391418457 50 broccoli
824.5247192382812 51.62493896484375 940.2947998046875 204.00961303710938 0.45526233315467834 50 broccoli
986.2310791015625 292.50927734375 1024.0 409.27557373046875 0.4535709619522095 50 broccoli
137.68838500976562 1.7632659673690796 227.65087890625 96.35487365722656 0.4463011622428894 50 broccoli
771.0979614257812 335.0312805175781 849.2433471679688 444.34405517578125 0.41317957639694214 50 broccoli
442.986328125 458.58795166015625 587.4522705078125 586.2245483398438 0.3930644690990448 50 broccoli
820.7473754882812 396.71820068359375 941.5213623046875 512.3856811523438 0.38628798723220825 50 broccoli
857.5323486328125 375.5343322753906 1020.08935546875 482.713623046875 0.3792681097984314 50 broccoli
611.2732543945312 168.495849609375 738.1392822265625 288.88531494140625 0.35097262263298035 50 broccoli
332.51348876953125 160.1907501220703 435.0296325683594 272.31268310546875 0.31604063510894775 50 broccoli
475.70770263671875 267.9958190917969 593.0269775390625 398.7010192871094 0.30928078293800354 50 broccoli
699.2291259765625 1.1895354986190796 844.6751708984375 83.44970703125 0.2690885365009308 50 broccoli
356.3057861328125 291.1436462402344 467.4588928222656 404.26654052734375 0.2563285231590271 50 broccoli
510.6454162597656 78.5578842163086 640.9445190429688 337.05218505859375 0.2562158405780792 50 broccoli


Image: C:\Users\PC\OzcanFatihCan\model_m\Dataset\images\0e3fec4d7f7db338.jpg
162.18954467773438 334.7063293457031 397.2456970214844 559.2884521484375 0.8384401202201843 50 broccoli
648.945068359375 202.5065155029297 851.8941650390625 412.96990966796875 0.7458972334861755 44 spoon
301.4287414550781 388.76055908203125 880.5394287109375 619.7178955078125 0.6449801325798035 51 carrot
408.1108093261719 486.76544189453125 525.214599609375 600.9782104492188 0.45640507340431213 51 carrot
476.84320068359375 421.92962646484375 586.715087890625 476.594970703125 0.3409811556339264 51 carrot
526.8590698242188 480.87188720703125 625.0098876953125 579.5908203125 0.30224689841270447 51 carrot
630.2203369140625 425.7381286621094 724.26171875 519.1505126953125 0.28408363461494446 51 carrot
8.649950981140137 54.071388244628906 1014.1599731445312 755.7833862304688 0.26616930961608887 60 "dining table"
715.419677734375 0.098419189453125 1024.0 94.19642639160156 0.26178544759750366 45 bowl


Image: C:\Users\PC\OzcanFatihCan\model_m\Dataset\images\e6c346ecb89a5113.jpg
246.76791381835938 515.0230102539062 346.61968994140625 631.2992553710938 0.7295846343040466 50 broccoli
298.97320556640625 51.576499938964844 624.135009765625 434.1612854003906 0.663223922252655 50 broccoli
121.9287338256836 569.8956298828125 234.7218780517578 733.5028686523438 0.565971314907074 50 broccoli
56.236000061035156 25.101024627685547 278.18359375 83.0059814453125 0.4992472231388092 51 carrot
95.36222839355469 476.75775146484375 204.35452270507812 587.2568969726562 0.49297183752059937 50 broccoli
310.22552490234375 427.57061767578125 402.9592590332031 531.56103515625 0.45178279280662537 50 broccoli
72.99857330322266 0.6562423706054688 296.41162109375 31.454570770263672 0.41326794028282166 51 carrot
68.05574798583984 12.317355155944824 296.55718994140625 59.215415954589844 0.3935107886791229 51 carrot
94.58830261230469 298.599365234375 246.61544799804688 485.03765869140625 0.3268793523311615 50 broccoli
223.6478271484375 416.41680908203125 305.36968994140625 517.2174682617188 0.2968235909938812 50 broccoli
225.7427978515625 279.8503112792969 309.7377624511719 410.6294860839844 0.26281818747520447 50 broccoli


Image: C:\Users\PC\OzcanFatihCan\model_m\Dataset\images\b53d9f1bb208f826.jpg
49.446388244628906 22.255054473876953 531.291259765625 657.3512573242188 0.7468185424804688 50 broccoli


Image: C:\Users\PC\OzcanFatihCan\model_m\Dataset\images\19b9365dd16517c8.jpg
818.3800659179688 425.1275939941406 1023.5736083984375 587.2772827148438 0.4640524089336395 43 knife
833.12890625 358.55078125 1022.7437744140625 462.03985595703125 0.3525058925151825 42 fork
89.50373840332031 43.662940979003906 539.8616943359375 913.5802612304688 0.3276406526565552 50 broccoli
429.31011962890625 291.9231262207031 532.2837524414062 380.07305908203125 0.3175162076950073 50 broccoli


Image: C:\Users\PC\OzcanFatihCan\model_m\Dataset\images\78131ec46bc33338.jpg
395.6438293457031 1.6638336181640625 521.7372436523438 70.03619384765625 0.8587794303894043 40 "wine glass"
519.4148559570312 0.626495361328125 664.9462890625 84.04320526123047 0.8334086537361145 41 cup
220.86312866210938 0.0 343.4187927246094 100.42176818847656 0.7998668551445007 40 "wine glass"
118.32122802734375 73.2391128540039 189.33749389648438 143.3363494873047 0.7457635402679443 42 fork
680.9840698242188 0.41467589139938354 829.0909423828125 79.2668228149414 0.738383948802948 41 cup
178.28921508789062 284.99774169921875 642.855712890625 647.6402587890625 0.7352123260498047 50 broccoli
37.247154235839844 209.65396118164062 380.1507263183594 470.6932067871094 0.5984182357788086 51 carrot
172.73329162597656 411.52325439453125 249.193359375 545.0384521484375 0.41533878445625305 51 carrot
981.7401123046875 138.6033935546875 1023.5153198242188 195.22579956054688 0.372226744890213 40 "wine glass"


