Broccoli 115.2 282.24 245.12 438.39993599999997
Broccoli 189.44 193.280256 280.96 256.640256
Broccoli 215.68 20.480255999999997 315.52 146.559744
Broccoli 220.16 434.559744 332.8 539.5201920000001
Broccoli 245.12 360.960192 384.0 528.640128
Broccoli 299.52 136.960128 341.76 179.199936
Broccoli 304.0 248.319936 447.36 396.160128
Broccoli 393.6 438.39993599999997 498.56 557.440128
Broccoli 529.92 512.0000640000001 607.36 574.720128
Broccoli 581.12 319.35974400000003 653.44 381.439872
Broccoli 614.4 94.079808 729.6 204.159744
Broccoli 666.24 375.679872 767.36 495.36
Broccoli 712.32 370.55980800000003 842.24 474.239808
Broccoli 736.0 328.959936 821.12 396.80006399999996
Broccoli 797.44 170.240256 881.92 252.160128
