Broccoli 211.2 227.840256 311.68 302.079744
Broccoli 261.12 345.6 393.6 480.63974399999995
Broccoli 293.12 83.840256 381.44 163.2
Broccoli 346.24 164.480256 454.4 299.52
Broccoli 394.88 119.679744 442.24 174.72
Broccoli 418.56 308.480256 537.6 423.680256
Broccoli 454.4 197.12025599999998 561.28 312.320256
Broccoli 469.12 63.99974400000001 586.88 183.03974399999998
Broccoli 470.4 488.319744 595.84 578.559744
Broccoli 556.16 350.720256 664.96 458.24025599999993
Broccoli 561.28 241.28025599999998 640.64 337.92
Broccoli 589.44 53.120256000000005 693.76 154.880256
Broccoli 636.8 139.520256 744.32 254.079744
Broccoli 643.84 375.680256 754.56 487.040256
Broccoli 664.96 278.4 743.04 355.839744
