Image: C:\Users\PC\OzcanFatihCan\model_l\Dataset\images\6fd37c54dd44378d.jpg
291.7008972167969 125.1210708618164 753.0241088867188 555.2171020507812 0.5981355309486389 50 broccoli
395.7035827636719 360.4234924316406 513.4507446289062 537.5995483398438 0.3700508773326874 50 broccoli
593.4493408203125 377.30108642578125 727.6425170898438 522.2926635742188 0.33277782797813416 50 broccoli
436.32208251953125 191.51040649414062 568.9788818359375 329.31915283203125 0.3265571594238281 50 broccoli
283.4884948730469 291.46392822265625 419.05340576171875 466.4151306152344 0.31126075983047485 50 broccoli
309.9500427246094 122.08660888671875 502.16351318359375 282.77392578125 0.29170161485671997 50 broccoli


Image: C:\Users\PC\OzcanFatihCan\model_l\Dataset\images\2931cf9878e3a7b9.jpg
155.85723876953125 98.66886901855469 539.574951171875 440.5043029785156 0.9081448912620544 50 broccoli
0.0 197.3943634033203 102.34768676757812 700.970703125 0.9025027751922607 42 fork
910.3292846679688 0.48872679471969604 1023.5494384765625 102.00346374511719 0.7176007628440857 40 "wine glass"
923.8116455078125 113.67317199707031 1024.0 488.5653381347656 0.6924383044242859 43 knife
999.8558349609375 204.22274780273438 1023.51171875 324.3321838378906 0.6335192918777466 44 spoon
858.658203125 120.9969711303711 990.1107177734375 621.1361694335938 0.6034600138664246 43 knife
8.291406631469727 0.0 1018.1236572265625 752.4058227539062 0.41993024945259094 60 "dining table"


Image: C:\Users\PC\OzcanFatihCan\model_l\Dataset\images\42aa3c60ed87a503.jpg
145.65951538085938 122.13232421875 971.7603759765625 676.7996826171875 0.7450169920921326 50 broccoli
446.35479736328125 64.15748596191406 748.4996337890625 212.763427734375 0.293366402387619 50 broccoli


Image: C:\Users\PC\OzcanFatihCan\model_l\Dataset\images\be44271dea8da0fd.jpg
31.54644775390625 222.4332733154297 141.52151489257812 320.94305419921875 0.8495708107948303 50 broccoli
493.3089904785156 3.116870164871216 1022.8795166015625 474.3329162597656 0.8463267087936401 45 bowl
343.3413391113281 200.23745727539062 455.8130798339844 276.1986389160156 0.8137661814689636 50 broccoli
285.7984924316406 49.201141357421875 399.7064514160156 171.58255004882812 0.8094401955604553 50 broccoli
42.3700065612793 135.00318908691406 179.80284118652344 181.60464477539062 0.7185481190681458 51 carrot
384.94085693359375 103.19476318359375 423.2481994628906 152.41893005371094 0.7034292817115784 51 carrot
288.74139404296875 271.40203857421875 416.90924072265625 312.48773193359375 0.7008764743804932 51 carrot
277.32965087890625 177.77215576171875 399.34912109375 284.97100830078125 0.6823785305023193 51 carrot
119.6960678100586 49.06871795654297 203.6951141357422 130.3953094482422 0.6791617274284363 50 broccoli
167.4181671142578 66.76860046386719 299.4584045410156 136.5649871826172 0.6693223714828491 51 carrot
71.75155639648438 174.5331268310547 167.3119659423828 239.2840118408203 0.6583999991416931 50 broccoli
0.9490722417831421 1.6993408203125 499.32830810546875 410.71484375 0.6530939936637878 45 bowl
130.62741088867188 246.9274444580078 171.20193481445312 354.5902404785156 0.6162505745887756 51 carrot
0.16377869248390198 0.0 40.69369888305664 121.27827453613281 0.6136258244514465 45 bowl
670.8760375976562 423.4730529785156 781.7245483398438 572.68359375 0.5643719434738159 44 spoon
191.4532470703125 215.4634246826172 224.5834197998047 344.96051025390625 0.5188834071159363 51 carrot
193.3318634033203 40.67768096923828 276.90557861328125 101.05754089355469 0.5137364268302917 50 broccoli
119.29634857177734 181.1876983642578 208.42446899414062 240.2732391357422 0.5017483830451965 51 carrot
291.2724914550781 187.0781707763672 430.54888916015625 279.35089111328125 0.362048864364624 50 broccoli
169.19827270507812 230.36923217773438 200.62808227539062 356.4466247558594 0.3170160949230194 51 carrot
197.05056762695312 101.1148681640625 283.84661865234375 569.1775512695312 0.3087306618690491 44 spoon
121.5856704711914 45.52437210083008 199.0782470703125 131.13442993164062 0.2693062722682953 51 carrot
2.173046827316284 3.610180616378784 498.5362854003906 406.4312438964844 0.2677311301231384 51 carrot


Image: C:\Users\PC\OzcanFatihCan\model_l\Dataset\images\0b606c65c75b7169.jpg
116.88188171386719 58.700950622558594 571.2251586914062 455.14190673828125 0.9139687418937683 50 broccoli
569.00927734375 84.9454116821289 937.64501953125 499.329833984375 0.8088753819465637 50 broccoli
606.2836303710938 361.19378662109375 1008.3238525390625 856.9755859375 0.5182186961174011 50 broccoli
455.6029357910156 791.9490966796875 773.0460205078125 1024.0 0.3796931803226471 50 broccoli


Image: C:\Users\PC\OzcanFatihCan\model_l\Dataset\images\8ec140de3ae97b17.jpg
298.19708251953125 531.5880126953125 524.7213745117188 749.6408081054688 0.89228755235672 51 carrot
816.1968994140625 448.3609313964844 1022.7308349609375 766.9806518554688 0.8803940415382385 45 bowl
4.613867282867432 389.1591796875 439.3624572753906 763.9779052734375 0.8231277465820312 50 broccoli
28.374364852905273 215.3797149658203 222.5896453857422 438.13739013671875 0.7996662259101868 51 carrot
162.37832641601562 307.0408935546875 249.9346923828125 392.07208251953125 0.7330586910247803 51 carrot
2.944445848464966 508.5780334472656 139.54351806640625 677.5306396484375 0.5637746453285217 51 carrot
0.02701416052877903 627.9078369140625 105.05477142333984 767.73193359375 0.4494505822658539 50 broccoli
0.082672119140625 468.2068786621094 39.7896614074707 627.097900390625 0.4056876599788666 51 carrot
0.175740048289299 0.409262090921402 20.25342559814453 48.285614013671875 0.30211085081100464 41 cup


Image: C:\Users\PC\OzcanFatihCan\model_l\Dataset\images\6d4e8499c089f022.jpg
7.9638671875 15.990307807922363 1020.8004150390625 756.1630859375 0.49362659454345703 50 broccoli
603.8724365234375 101.3479232788086 881.9845581054688 309.66302490234375 0.31255608797073364 50 broccoli
106.89371490478516 253.3664093017578 496.303466796875 587.5296630859375 0.2923180162906647 50 broccoli
0.0 29.412891387939453 83.43634033203125 259.6498107910156 0.2506761848926544 50 broccoli


Image: C:\Users\PC\OzcanFatihCan\model_l\Dataset\images\8d1c1684291b6960.jpg
0.11460570991039276 2.738171339035034 137.2881317138672 231.9682159423828 0.5029436349868774 50 broccoli
571.757080078125 135.7321014404297 992.7025146484375 547.1452026367188 0.42147257924079895 50 broccoli
222.77041625976562 340.583740234375 575.728515625 796.2137451171875 0.3835619390010834 50 broccoli
0.0 515.97998046875 79.06581115722656 712.638671875 0.3302341103553772 50 broccoli
912.8294677734375 27.726903915405273 1024.0 208.4074249267578 0.2883688807487488 50 broccoli


Image: C:\Users\PC\OzcanFatihCan\model_l\Dataset\images\2d2e237f1a6a6b85.jpg
921.6302490234375 96.2286376953125 1023.8298950195312 315.55792236328125 0.477855920791626 50 broccoli
467.08172607421875 2.5289306640625 935.4573974609375 251.43118286132812 0.38745176792144775 50 broccoli


Image: C:\Users\PC\OzcanFatihCan\model_l\Dataset\images\48adf8bb20da3b20.jpg
652.6878051757812 289.2737731933594 839.0252685546875 423.3854064941406 0.739500880241394 51 carrot
649.8609619140625 214.63516235351562 851.6770629882812 323.9739685058594 0.6993513107299805 51 carrot
926.9217529296875 550.0399780273438 1023.9932861328125 729.4541625976562 0.5983564853668213 50 broccoli
783.3194580078125 108.91255187988281 1023.7020263671875 281.6441650390625 0.5694799423217773 50 broccoli
835.1612548828125 242.82723999023438 1024.0 536.3033447265625 0.44760861992836 50 broccoli


Image: C:\Users\PC\OzcanFatihCan\model_l\Dataset\images\8ca55cdbc4467566.jpg
0.0 148.03515625 684.4720458984375 1023.0584716796875 0.9263346195220947 0 person
182.88760375976562 0.36204832792282104 478.4058532714844 118.19224548339844 0.9189902544021606 45 bowl
221.31973266601562 582.6990966796875 377.9833984375 699.5374755859375 0.9133914709091187 50 broccoli
519.0929565429688 0.0 623.0675048828125 98.86331939697266 0.7725974917411804 41 cup
1.443536400794983 0.505145251750946 140.1681671142578 134.03750610351562 0.5569618344306946 41 cup
0.0 0.0 674.4678955078125 338.9823913574219 0.3022535443305969 60 "dining table"


Image: C:\Users\PC\OzcanFatihCan\model_l\Dataset\images\0242f2d0aee4847e.jpg
730.7684326171875 374.31195068359375 838.4059448242188 520.9056396484375 0.7217246294021606 50 broccoli
244.01193237304688 62.541236877441406 781.3541870117188 479.9039001464844 0.5059661865234375 50 broccoli
740.8182983398438 228.8316650390625 802.329345703125 291.7904052734375 0.41420778632164 51 carrot
624.7520751953125 63.388671875 785.331298828125 184.3565216064453 0.39269688725471497 51 carrot
2.863818407058716 13.400708198547363 1024.0 745.6134033203125 0.3246939480304718 60 "dining table"
267.854736328125 125.7819595336914 386.89727783203125 256.5566101074219 0.3066868782043457 50 broccoli
321.5423278808594 63.78211212158203 473.0926208496094 156.3274383544922 0.2549901604652405 50 broccoli


Image: C:\Users\PC\OzcanFatihCan\model_l\Dataset\images\0f11729eec501b9c.jpg
17.128124237060547 308.8517150878906 515.0551147460938 698.563720703125 0.5974038243293762 50 broccoli
397.0867614746094 300.7949523925781 833.7003784179688 747.3079833984375 0.5614292025566101 50 broccoli
740.9903564453125 34.389427185058594 922.7561645507812 202.36349487304688 0.5386693477630615 50 broccoli
914.4793701171875 262.4388427734375 1024.0 450.8392639160156 0.35624778270721436 50 broccoli
921.734375 114.93009948730469 1023.7400512695312 256.18328857421875 0.2796099781990051 50 broccoli


Image: C:\Users\PC\OzcanFatihCan\model_l\Dataset\images\ca7bd4d9db579576.jpg
636.4605712890625 0.0 919.1102294921875 129.95535278320312 0.819767415523529 41 cup
3.026562452316284 191.55123901367188 291.6087951660156 623.7811279296875 0.7788956165313721 50 broccoli
897.4998168945312 7.203027248382568 1023.8322143554688 502.2703552246094 0.770677387714386 42 fork
788.8495483398438 421.7273864746094 911.4050903320312 530.0248413085938 0.6846127510070801 51 carrot
879.3338012695312 455.43231201171875 990.7734375 615.7972412109375 0.6779170632362366 51 carrot
313.7588806152344 346.582275390625 349.4557189941406 397.158935546875 0.49897852540016174 51 carrot
0.539233386516571 0.273764044046402 209.88192749023438 101.11625671386719 0.48674389719963074 41 cup
841.8269653320312 253.93978881835938 860.9290771484375 286.49310302734375 0.4053083062171936 51 carrot
2.7673707008361816 2.2467925548553467 206.5085906982422 99.76448822021484 0.27616968750953674 40 "wine glass"


Image: C:\Users\PC\OzcanFatihCan\model_l\Dataset\images\2ddb5fed1a6a1419.jpg
0.0 120.02001953125 168.66140747070312 675.2462158203125 0.8658881187438965 44 spoon
801.37255859375 230.5617218017578 993.0916748046875 388.92205810546875 0.8531836867332458 49 orange
85.19920349121094 0.0 335.5067443847656 674.8579711914062 0.823872983455658 44 spoon
176.3244171142578 80.59273529052734 290.33502197265625 231.97915649414062 0.7356575727462769 50 broccoli
231.7326202392578 219.50430297851562 400.87750244140625 365.923095703125 0.6722418665885925 50 broccoli
376.0262145996094 0.0 499.1722106933594 83.53768157958984 0.6289669275283813 50 broccoli
250.6830596923828 3.0084595680236816 375.93255615234375 121.14967346191406 0.5939112901687622 50 broccoli
307.9653625488281 367.0453796386719 427.3387756347656 496.92626953125 0.5341749787330627 50 broccoli
984.3079833984375 288.3657531738281 1023.8685302734375 410.9268493652344 0.5202450752258301 50 broccoli
771.0913696289062 334.5673828125 849.6585693359375 445.7108459472656 0.5197440385818481 50 broccoli
765.1790771484375 149.8802490234375 865.6903076171875 256.58050537109375 0.49960389733314514 50 broccoli
133.79885864257812 1.877471923828125 228.83218383789062 95.14591979980469 0.4995274543762207 50 broccoli
307.0591735839844 444.84197998046875 469.35980224609375 605.6228637695312 0.44415605068206787 50 broccoli
560.3449096679688 360.69390869140625 786.7745361328125 556.3309936523438 0.40896815061569214 50 broccoli
474.09124755859375 274.95965576171875 600.3968505859375 408.060546875 0.4070775806903839 50 broccoli
829.3607177734375 75.79081726074219 941.2976684570312 205.9738006591797 0.4021991789340973 50 broccoli
442.7544860839844 459.84857177734375 579.0614013671875 585.856201171875 0.36080044507980347 50 broccoli
697.6345825195312 0.0 845.2581176757812 85.62394714355469 0.3598298132419586 50 broccoli
352.35589599609375 288.7062072753906 463.0177307128906 399.812255859375 0.3544836938381195 50 broccoli
901.03955078125 374.2366027832031 1023.9356689453125 481.46624755859375 0.32001057267189026 50 broccoli
333.1839904785156 162.26174926757812 433.57147216796875 270.8222961425781 0.2952251732349396 50 broccoli
612.9383544921875 136.71115112304688 737.2714233398438 286.38140869140625 0.2937462627887726 50 broccoli
512.7699584960938 125.45719146728516 635.485595703125 339.3435974121094 0.279239684343338 50 broccoli
689.0206298828125 398.3597106933594 834.5252685546875 535.1024780273438 0.273074746131897 50 broccoli
817.4315795898438 403.83544921875 931.3975830078125 515.6640625 0.2694360017776489 50 broccoli


Image: C:\Users\PC\OzcanFatihCan\model_l\Dataset\images\0e3fec4d7f7db338.jpg
161.59828186035156 332.8687438964844 399.60369873046875 567.2693481445312 0.8870671391487122 50 broccoli
297.69561767578125 387.84375 869.8341064453125 615.3636474609375 0.8447213768959045 51 carrot
649.8377075195312 202.47862243652344 852.5621948242188 412.0865173339844 0.691510021686554 44 spoon
713.109375 0.03128967434167862 1024.0 91.54598236083984 0.4755723476409912 45 bowl


Image: C:\Users\PC\OzcanFatihCan\model_l\Dataset\images\e6c346ecb89a5113.jpg
338.0756530761719 50.409523010253906 623.3493041992188 435.9532165527344 0.7300329804420471 50 broccoli
62.678245544433594 5.996896266937256 298.23040771484375 83.3447265625 0.5406044125556946 51 carrot
197.32421875 514.6603393554688 346.34979248046875 632.8323364257812 0.5206701159477234 50 broccoli
224.8329620361328 292.9019775390625 310.28912353515625 409.1772155761719 0.4900822043418884 50 broccoli
122.1694564819336 368.48583984375 245.7054901123047 484.21514892578125 0.405515193939209 50 broccoli
26.496692657470703 477.9090881347656 232.161376953125 675.7725830078125 0.3970429003238678 50 broccoli
547.1401977539062 91.63908386230469 580.2031860351562 179.3942108154297 0.30501803755760193 51 carrot
78.49832916259766 0.0 293.38885498046875 33.324317932128906 0.29152077436447144 51 carrot
121.62077331542969 571.8902587890625 234.41604614257812 689.3843383789062 0.29148536920547485 50 broccoli
0.4440765380859375 0.527923583984375 65.18017578125 54.134185791015625 0.27565494179725647 0 person
304.1037902832031 427.20428466796875 405.9165344238281 534.1871948242188 0.25366833806037903 50 broccoli
94.59664154052734 297.3520812988281 207.744873046875 393.0898132324219 0.2535381317138672 50 broccoli
97.98048400878906 477.51959228515625 205.45059204101562 585.2435913085938 0.25069156289100647 50 broccoli


Image: C:\Users\PC\OzcanFatihCan\model_l\Dataset\images\b53d9f1bb208f826.jpg
45.378700256347656 15.657849311828613 358.48468017578125 369.34710693359375 0.787943422794342 50 broccoli
102.1318359375 245.2440948486328 524.4447021484375 653.4642333984375 0.45542263984680176 50 broccoli


Image: C:\Users\PC\OzcanFatihCan\model_l\Dataset\images\19b9365dd16517c8.jpg
818.6824951171875 424.41265869140625 1023.3349609375 587.5709228515625 0.6997056007385254 43 knife
428.23529052734375 288.69952392578125 530.5721435546875 382.9998779296875 0.5386247634887695 50 broccoli


Image: C:\Users\PC\OzcanFatihCan\model_l\Dataset\images\78131ec46bc33338.jpg
519.7445068359375 0.8026031255722046 665.2098388671875 84.13555908203125 0.868881344795227 41 cup
219.9276580810547 0.6215912103652954 356.21539306640625 100.56459045410156 0.8580019474029541 40 "wine glass"
396.03253173828125 1.2176971435546875 522.0560913085938 68.24220275878906 0.8475281596183777 40 "wine glass"
37.833778381347656 209.96401977539062 378.70611572265625 546.0130615234375 0.8251333236694336 51 carrot
178.945068359375 285.0829772949219 642.910400390625 647.15869140625 0.7875750064849854 50 broccoli
117.0478515625 71.77637481689453 188.7434844970703 145.04214477539062 0.7674082517623901 42 fork
680.6326904296875 0.890380859375 832.3928833007812 80.5694580078125 0.6875115633010864 41 cup
981.16357421875 0.30382078886032104 1024.0 193.998779296875 0.5693956613540649 40 "wine glass"
981.2586059570312 138.25013732910156 1023.7816162109375 196.63290405273438 0.49562695622444153 40 "wine glass"
14.658398628234863 10.888452529907227 975.3165893554688 741.0592041015625 0.43638092279434204 60 "dining table"
563.8023681640625 170.10662841796875 908.49072265625 450.3951721191406 0.27520743012428284 50 broccoli


